Script started on Fri Jun  9 12:04:36 2017
u286120@imac-116[31]: cat 8-3.c
#include<stdio.h>
#include<stdlib.h>

#define NUM 100

int Bn_comp = 0, In_comp = 0, n_exchange = 0, n_shift = 0, n_insert = 0;

void bubble(int x[], int num);
void swap(int *a, int *b);
void insertion(int x[], int num);

int main(void){
  int i, num, data_bub[NUM], data_ins[NUM];

  printf("何個の整数を入力しますか？(上限100):");
  scanf("%d", &num);

  for(i=0; i<num; i++){
    data_bub[i] = rand() % num;
    data_ins[i] = data_bub[i];
}

  printf("整列前データ\n");
  for(i=0; i<num; i++){
    printf("%4d", data_bub[i]);
  }
  printf("\n");

  bubble(data_bub, num);
  insertion(data_ins, num);

  printf("バブルソート後データ\n");
  for(i=0; i<num; i++){
    printf("%4d", data_bub[i]);
  }
  printf("\n挿入法後データ\n");
  for(i=0; i<num; i++){
    printf("%4d", data_ins[i]);
  }

  printf("\nバブルソートの比較回数:%d\n", Bn_comp);
  printf("挿入法の比較回数:%d\n", In_comp);
  printf("交換回数:%d\n", n_exchange);
  printf("シフト回数:%d\n", n_shift);
  printf("挿入回数:%d\n", n_insert);

  return 0;
}

void bubble(int x[], int num){
  int i, j;
  for(i=num-1; i>=0; i--){
    for(j=0; j<i; j++){
      Bn_comp++;
      if(x[j] > x[j+1]){
        n_exchange++;
        swap(&x[j], &x[j+1]);
      }
    }
  }
}

void swap(int *a, int *b){
  int tmp = *a;
  *a = *b;
  *b = tmp;
}

void insertion(int x[], int num){
  int i, j, tmp;
  for(i=1; i<num; i++){
    tmp = x[i];
    for(j=i-1; j>=0; j--){
      In_comp++;
      if(x[j] > tmp){
        n_shift++;
        x[j+1] = x[j];
      }
      else
        break;
    }
    x[j+1] = tmp;
    n_insert++;
  }
}
u286120@imac-116[32]: gcc -Wall po[K[K-o 8-3 8-3.c
u286120@imac-116[33]: 8-3
何個の整数を入力しますか？(上限100):100
整列前データ
   7  49  73  58  30  72  44  78  23   9  40  65  92  42  87   3  27  29  40  12   3  69   9  57  60  33  99  78  16  35  97  26  12  67  10  33  79  49  79  21  67  72  93  36  85  45  28  91  94  57   1  53   8  44  68  90  24  96  30   3  22  66  49  24   1  53  77   8  28  33  98  81  35  13  65  14  63  36  25  69  15  94  29   1  17  95   5   4  51  98  88  23   5  82  52  66  16  37  38  44
バブルソート後データ
   1   1   1   3   3   3   4   5   5   7   8   8   9   9  10  12  12  13  14  15  16  16  17  21  22  23  23  24  24  25  26  27  28  28  29  29  30  30  33  33  33  35  35  36  36  37  38  40  40  42  44  44  44  45  49  49  49  51  52  53  53  57  57  58  60  63  65  65  66  66  67  67  68  69  69  72  72  73  77  78  78  79  79  81  82  85  87  88  90  91  92  93  94  94  95  96  97  98  98  99
挿入法後データ
   1   1   1   3   3   3   4   5   5   7   8   8   9   9  10  12  12  13  14  15  16  16  17  21  22  23  23  24  24  25  26  27  28  28  29  29  30  30  33  33  33  35  35  36  36  37  38  40  40  42  44  44  44  45  49  49  49  51  52  53  53  57  57  58  60  63  65  65  66  66  67  67  68  69  69  72  72  73  77  78  78  79  79  81  82  85  87  88  90  91  92  93  94  94  95  96  97  98  98  99
バブルソートの比較回数:4950
挿入法の比較回数:2611
交換回数:2514
シフト回数:2514
挿入回数:99
u286120@imac-116[34]: 8-3
何個の整数を入力しますか？(上限100):80
整列前データ
   7  49  73  58  50  72  24  78   3  29  40   5  12   2  67  23   7  49  40  52  63  49  29  37  40  53  59  38  56  55  57  66  72  67  50  33  19  29  19  21  47  32  33  56  45  65  28  11  34  37  41  33  68  24  68  50  44  36  10  23  42  26  69  24  41  53  17  48  68  53  58  21  75  13  25  54  23  56  65  69
バブルソート後データ
   2   3   5   7   7  10  11  12  13  17  19  19  21  21  23  23  23  24  24  24  25  26  28  29  29  29  32  33  33  33  34  36  37  37  38  40  40  40  41  41  42  44  45  47  48  49  49  49  50  50  50  52  53  53  53  54  55  56  56  56  57  58  58  59  63  65  65  66  67  67  68  68  68  69  69  72  72  73  75  78
挿入法後データ
   2   3   5   7   7  10  11  12  13  17  19  19  21  21  23  23  23  24  24  24  25  26  28  29  29  29  32  33  33  33  34  36  37  37  38  40  40  40  41  41  42  44  45  47  48  49  49  49  50  50  50  52  53  53  53  54  55  56  56  56  57  58  58  59  63  65  65  66  67  67  68  68  68  69  69  72  72  73  75  78
バブルソートの比較回数:3160
挿入法の比較回数:1574
交換回数:1497
シフト回数:1497
挿入回数:79
u286120@imac-116[35]: 8-3
何個の整数を入力しますか？(上限100):60
整列前データ
   7  49  53  38  10  32  24  38  23  49   0   5  12   2  27  23   7  49  40  52   3  49   9  17  40  33  39  18  56  55  37  26  32   7  50  33  19  49  39  21   7  32  13  36   5   5   8  31  54  37  41  53  28   4  28  50  24  56  30  43
バブルソート後データ
   0   2   3   4   5   5   5   7   7   7   7   8   9  10  12  13  17  18  19  21  23  23  24  24  26  27  28  28  30  31  32  32  32  33  33  36  37  37  38  38  39  39  40  40  41  43  49  49  49  49  49  50  50  52  53  53  54  55  56  56
挿入法後データ
   0   2   3   4   5   5   5   7   7   7   7   8   9  10  12  13  17  18  19  21  23  23  24  24  26  27  28  28  30  31  32  32  32  33  33  36  37  37  38  38  39  39  40  40  41  43  49  49  49  49  49  50  50  52  53  53  54  55  56  56
バブルソートの比較回数:1770
挿入法の比較回数:862
交換回数:804
シフト回数:804
挿入回数:59
u286120@imac-116[36]: 8-3
何個の整数を入力しますか？(上限100):40
整列前データ
   7   9  33  18  10  32  24  38   3  29   0   5  12   2  27  23   7   9   0  12  23   9  29  37   0  13  19  38  16  15  17  26  32  27  10  33  19  29  19  21
バブルソート後データ
   0   0   0   2   3   5   7   7   9   9   9  10  10  12  12  13  15  16  17  18  19  19  19  21  23  23  24  26  27  27  29  29  29  32  32  33  33  37  38  38
挿入法後データ
   0   0   0   2   3   5   7   7   9   9   9  10  10  12  12  13  15  16  17  18  19  19  19  21  23  23  24  26  27  27  29  29  29  32  32  33  33  37  38  38
バブルソートの比較回数:780
挿入法の比較回数:351
交換回数:314
シフト回数:314
挿入回数:39
u286120@imac-116[37]: 8-3
何個の整数を入力しますか？(上限100):20
整列前データ
   7   9  13  18  10  12   4  18   3   9   0   5  12   2   7   3   7   9   0  12
バブルソート後データ
   0   0   2   3   3   4   5   7   7   7   9   9   9  10  12  12  12  13  18  18
挿入法後データ
   0   0   2   3   3   4   5   7   7   7   9   9   9  10  12  12  12  13  18  18
バブルソートの比較回数:190
挿入法の比較回数:126
交換回数:110
シフト回数:110
挿入回数:19
u286120@imac-116[38]: exit
exit

Script done on Fri Jun  9 12:05:24 2017
